0 0.796875 0.478515625 0.2470703125 0.126953125
0 0.6787109375 0.255859375 0.2529296875 0.201171875
0 0.7490234375 0.39453125 0.1484375 0.0888671875
0 0.7841796875 0.724609375 0.201171875 0.228515625
0 0.4404296875 0.572265625 0.2841796875 0.302734375
0 0.375 0.794921875 0.189453125 0.2001953125
0 0.357421875 0.9228515625 0.1298828125 0.130859375
0 0.205078125 0.720703125 0.1298828125 0.1640625
0 0.1220703125 0.8671875 0.1513671875 0.134765625
0 0.2578125 0.330078125 0.2158203125 0.181640625
0 0.2109375 0.16796875 0.2890625 0.0859375
0 0.4716796875 0.2822265625 0.2109375 0.2158203125