0 0.552734375 0.248046875 0.125 0.2451171875
0 0.775390625 0.361328125 0.2001953125 0.248046875
0 0.6376953125 0.2939453125 0.087890625 0.146484375
0 0.3076171875 0.2666015625 0.2265625 0.197265625
0 0.4560546875 0.607421875 0.2998046875 0.2783203125
0 0.232421875 0.677734375 0.1982421875 0.1845703125
0 0.1044921875 0.6982421875 0.1279296875 0.126953125
0 0.3046875 0.8466796875 0.162109375 0.126953125
0 0.1572265625 0.9296875 0.1328125 0.140625
0 0.6962890625 0.7841796875 0.177734375 0.212890625
0 0.857421875 0.828125 0.0830078125 0.287109375
0 0.74609375 0.5693359375 0.2138671875 0.2060546875