0 0.744140625 0.4521484375 0.2470703125 0.119140625
0 0.65234375 0.232421875 0.2529296875 0.193359375
0 0.70703125 0.369140625 0.1484375 0.083984375
0 0.703125 0.6982421875 0.201171875 0.2216796875
0 0.375 0.5576171875 0.2841796875 0.2939453125
0 0.2841796875 0.783203125 0.189453125 0.193359375
0 0.251953125 0.912109375 0.1298828125 0.126953125
0 0.1220703125 0.71484375 0.1298828125 0.1591796875
0 0.048828125 0.865234375 0.0966796875 0.1298828125
0 0.220703125 0.322265625 0.2158203125 0.173828125
0 0.1923828125 0.1611328125 0.2890625 0.076171875
0 0.4404296875 0.2666015625 0.2109375 0.208984375