0 0.5517578125 0.2294921875 0.123046875 0.240234375
0 0.7734375 0.333984375 0.1982421875 0.2421875
0 0.6357421875 0.271484375 0.087890625 0.1435546875
0 0.306640625 0.255859375 0.224609375 0.189453125
0 0.4521484375 0.591796875 0.298828125 0.267578125
0 0.228515625 0.669921875 0.197265625 0.177734375
0 0.1005859375 0.6953125 0.126953125 0.1220703125
0 0.2998046875 0.8369140625 0.1611328125 0.1201171875
0 0.1513671875 0.927734375 0.1328125 0.1435546875
0 0.69140625 0.7607421875 0.1767578125 0.2060546875
0 0.853515625 0.798828125 0.0810546875 0.2841796875
0 0.7431640625 0.5439453125 0.212890625 0.1982421875