0 0.56640625 0.232421875 0.138671875 0.240234375
0 0.794921875 0.3388671875 0.2138671875 0.244140625
0 0.6533203125 0.275390625 0.0966796875 0.1435546875
0 0.322265625 0.2578125 0.2373046875 0.1904296875
0 0.490234375 0.5947265625 0.3154296875 0.2685546875
0 0.271484375 0.671875 0.2080078125 0.1796875
0 0.1455078125 0.6962890625 0.134765625 0.1220703125
0 0.353515625 0.837890625 0.1689453125 0.1220703125
0 0.2109375 0.927734375 0.142578125 0.1435546875
0 0.740234375 0.7646484375 0.1904296875 0.2080078125
0 0.904296875 0.802734375 0.099609375 0.2841796875
0 0.7783203125 0.5478515625 0.224609375 0.2001953125