0 0.7392578125 0.4208984375 0.248046875 0.1279296875
0 0.6494140625 0.205078125 0.255859375 0.203125
0 0.7021484375 0.3388671875 0.150390625 0.0908203125
0 0.6943359375 0.66796875 0.205078125 0.2294921875
0 0.369140625 0.541015625 0.287109375 0.3046875
0 0.275390625 0.76953125 0.1923828125 0.201171875
0 0.240234375 0.8994140625 0.130859375 0.130859375
0 0.11328125 0.7080078125 0.130859375 0.1640625
0 0.0439453125 0.861328125 0.087890625 0.1357421875
0 0.216796875 0.3125 0.21875 0.181640625
0 0.1904296875 0.15234375 0.2890625 0.087890625
0 0.4375 0.248046875 0.212890625 0.216796875