0 0.791015625 0.4375 0.298828125 0.3359375
0 0.740234375 0.6591796875 0.244140625 0.1767578125
0 0.6181640625 0.822265625 0.166015625 0.171875
0 0.455078125 0.853515625 0.1748046875 0.2216796875
0 0.505859375 0.5849609375 0.224609375 0.296875
0 0.5341796875 0.3251953125 0.2216796875 0.2314453125
0 0.751953125 0.2548828125 0.2109375 0.1455078125
0 0.580078125 0.119140625 0.2158203125 0.171875
0 0.3583984375 0.2734375 0.177734375 0.1982421875
0 0.185546875 0.361328125 0.1513671875 0.1875
0 0.083984375 0.6103515625 0.16796875 0.181640625
0 0.1767578125 0.837890625 0.1875 0.1904296875
0 0.30078125 0.640625 0.189453125 0.1767578125